11111
1
0.393127
0.393945
0.394807
0.395663
0.396385
0.396867
0.39709
0.397087
111111
0.396877
0.396427
0.395703
0.394708
0.393479
0.392067
0.390522
0.388884
0.387135
0.385161
0.382765
0.379765
0.376098
0.371863
0.367285
0.362631
0.358123
0.353849
0.349738
0.34562
0.34134
0.336831
0.332075
0.327027
0.321561
0.315497
0.308669
0.301016
0.292659
0.283926
0.275288
0.267162
0.259747
0.252977
0.246631
0.240461
0.234248
0.227801
0.220958
0.213618
0.205759
0.197425
0.188691
0.179636
0.170313
0.160728
0.150824
0.140561
0.13
0.119319
0.108738
0.0984171
0.0883818
0.0785208
0.0686209
0.0584632
0.0479454
0.0371737
0.0264305
0.0160099
0.00604806
-0.0035233
-0.0128907
-0.0222478
-0.0317327
-0.0414138
-0.0512801
-0.0612465
-0.0711898
-0.0809909
-0.0905588
-0.0998286
-0.108791
-0.117539
-0.126278
-0.135248
-0.144597
-0.154305
-0.164191
-0.173982
-0.183396
-0.192225
-0.200423
-0.208121
-0.215536
-0.22284
-0.230077
-0.237218
-0.244258
-0.251269
-0.258364
-0.265607
-0.272967
-0.280319
-0.287494
-0.294371
-0.300957
-0.307385
-0.313805
-0.320238
-0.326519
-0.332395
-0.337684
-0.342369
-0.34661
-0.350663
-0.354766
-0.359032
-0.36339
-0.367624
-0.371507
-0.374929
-0.377929
-0.380642
-0.383203
-0.385701
-0.388162
-0.390538
-0.392727
-0.394612
-0.396122
-0.397241
-0.397978
-0.398339
-0.398349
-0.398099
-0.397714
-0.397284
-0.396803
-0.396182
-0.395315
-0.394127
-0.392584
-0.390706
-0.38858
-0.386369
-0.38425
-0.382344
-0.380641
-0.37898
-0.37707
-0.374544
-0.37107
-0.366474
-0.360805
-0.354277
-0.347166
-0.339724
-0.332171
-0.324712
-0.317527
-0.310725
-0.30433
-0.298272
-0.292416
-0.286579
-0.280586
-0.274335
-0.267822
-0.261082
-0.254114
-0.246861
-0.239272
-0.23134
-0.223107
-0.214604
-0.205843
-0.196878
-0.187843
-0.17893
-0.170333
-0.162161
-0.154387
-0.14683
-0.139208
-0.131249
-0.122824
-0.113984
-0.10489
-0.0957004
-0.0864949
-0.0772528
-0.0678647
-0.0581663
-0.0480209
-0.0374244
-0.0265335
-0.0155722
-0.00467649
0.00616759
0.0170578
0.0280488
0.0390883
0.0500387
0.0607362
0.0710474
0.080903
0.0902968
0.0992536
0.107797
0.11596
0.123855
0.131695
0.139703
0.147989
0.156506
0.165144
0.173854
0.182692
0.191745
0.201022
0.210393
0.219627
0.22848
0.236824
0.244724
0.2524
0.260074
0.267823
0.275568
0.283172
0.290548
0.297671
0.304511
0.31101
0.317097
0.32273
0.327914
0.332701
0.337186
0.341478
0.345643
0.349675
0.353537
0.35723
0.360834
0.364481
0.368297
0.372352
0.376646
0.381077
0.385452
0.389566
0.393309
0.396695
0.399756
0.402422
0.404467
0.405615
0.405697
0.404777
0.403184
0.401431
0.400019
0.399226
0.398998
0.399009
0.398858
0.39824
0.397018
0.395203
0.392904
0.390256
0.387344
0.384166
0.380686
0.376928
0.373024
0.36913
0.365325
0.361544
0.357619
0.353344
0.348563
0.343229
0.337447
0.331444
0.325463
0.319671
0.314113
0.308732
0.303391
0.297884
0.291968
0.285451
0.278261
0.270458
0.262182
0.253621
0.244991
0.236515
0.228339
0.220481
0.212826
0.205213
0.197494
0.189568
0.181384
0.172941
0.164271
0.155392
0.14628
0.1369
0.127257
0.117422
0.107492
0.0975719
0.0877615
0.0781549
0.0687829
0.0595595
0.0503033
0.040853
0.0311629
0.0213091
0.0114167
0.00158424
-0.00814031
-0.0177737
-0.0273914
-0.0370975
-0.0469574
-0.056947
-0.0669782
-0.0769476
-0.0867606
-0.0963117
-0.105484
-0.11421
-0.122534
-0.130619
-0.138682
-0.146917
-0.155452
-0.164357
-0.173642
-0.183265
-0.193129
-0.203069
-0.212831
-0.222113
-0.230686
-0.238552
-0.245974
-0.25335
-0.260991
-0.268966
-0.277091
-0.285019
-0.292352
-0.298778
-0.304203
-0.30884
-0.313139
-0.317596
-0.322523
-0.327937
-0.333594
-0.339139
-0.344298
-0.348991
-0.353346
-0.357577
-0.361826
-0.366096
-0.370294
-0.374342
-0.378199
-0.381818
-0.385091
-0.387883
-0.390103
-0.391754
-0.392931
-0.393779
-0.394459
-0.395091
-0.395703
-0.396213
-0.396486
-0.396406
-0.395936
-0.395094
-0.39393
-0.392508
-0.390932
-0.389343
-0.38789
-0.386683
-0.385738
-0.384934
-0.384003
-0.382615
-0.380521
-0.377682
-0.374253
-0.370464
-0.366481
-0.362344
-0.357968
-0.353177
-0.347756
-0.341539
-0.334535
-0.326996
-0.319361
-0.31211
-0.305594
-0.299913
-0.29488
-0.290059
-0.284924
-0.279059
-0.272317
-0.264816
-0.256839
-0.248688
-0.240595
-0.232679
-0.224938
-0.217267
-0.209527
-0.201605
-0.193426
-0.184906
-0.175952
-0.166524
-0.156719
-0.146778
-0.137001
-0.127625
-0.11875
-0.110292
-0.102011
-0.0935798
-0.0847197
-0.0753002
-0.0653471
-0.0549804
-0.0443598
-0.0336838
-0.0231719
-0.0130012
-0.00321095
0.00629698
0.0156654
0.0249671
0.0341823
0.0432518
0.0521676
0.0610188
0.0699929
0.0793029
0.0890721
0.099229
0.109514
0.119612
0.129322
0.138625
0.147642
0.156557
0.165543
0.174727
0.184124
0.193615
0.202992
0.21204
0.220615
0.228643
0.236124
0.24314
0.249868
0.256546
0.263405
0.270623
0.278276
0.286316
0.29451
0.302477
0.30981
0.316253
0.321794
0.326642
0.33114
0.335656
0.340486
0.345742
0.351282
0.356743
0.36168
0.365734
0.368772
0.37095
0.372672
0.374446
0.37666
0.379426
0.382584
0.385854
0.388992
0.391866
0.394442
0.396756
0.398866
0.40079
0.402449
0.40367
0.404292
0.404274
0.403704
0.40273
0.401464
0.399942
0.398144
0.396039
0.393644
0.391046
0.388364
0.385657
0.382866
0.379853
0.376509
0.372827
0.368888
0.364787
0.360584
0.356285
0.351833
0.347134
0.342131
0.336891
0.331615
0.326504
0.321611
0.31677
0.311687
0.306094
0.299853
0.292987
0.285623
0.277917
0.269951
0.261725
0.253215
0.244485
0.235724
0.227168
0.219005
0.211313
0.204043
0.197039
0.190049
0.182778
0.174987
0.166546
0.15744
0.14774
0.137612
0.127335
0.117248
0.10759
0.0983549
0.0892559
0.0798582
0.0697972
0.0589616
0.0475816
0.0361482
0.0251974
0.015056
0.00571223
-0.00310864
-0.0117489
-0.0204342
-0.0292318
-0.0380978
-0.0469566
-0.0557812
-0.0646477
-0.0737128
-0.0831097
-0.0927999
-0.102549
-0.112049
-0.121116
-0.129814
-0.138412
-0.147243
-0.156529
-0.166269
-0.176225
-0.186036
-0.195394
-0.204171
-0.21242
-0.220276
-0.22788
-0.235383
-0.242954
-0.250741
-0.258785
-0.266983
-0.275137
-0.283045
-0.290572
-0.297666
-0.304355
-0.3107
-0.316737
-0.322454
-0.327835
-0.332923
-0.33784
-0.342705
-0.347521
-0.352161
-0.35646
-0.360331
-0.363829
-0.367106
-0.370336
-0.373628
-0.376978
-0.380252
-0.383274
-0.385917
-0.388185
-0.390183
-0.392041
-0.393847
-0.395617
-0.397301
-0.39879
-0.399944
-0.400666
-0.400946
-0.400857
-0.400481
-0.399855
-0.39895
-0.397681
-0.395913
-0.393487
-0.390321
-0.386533
-0.382475
-0.378628
-0.375386
-0.37289
-0.370972
-0.36922
-0.367133
-0.364306
-0.360592
-0.356136
-0.351237
-0.346157
-0.340966
-0.335563
-0.329787
-0.323554
-0.316925
-0.31011
-0.303353
-0.296789
-0.290309
-0.283606
-0.276371
-0.268528
-0.260311
-0.252136
-0.244367
-0.237122
-0.230229
-0.223329
-0.216072
-0.208283
-0.200027
-0.191497
-0.18286
-0.174154
-0.165341
-0.156393
-0.147319
-0.13812
-0.128748
-0.119134
-0.109243
-0.0990991
-0.088783
-0.0784132
-0.0681215
-0.0580063
-0.0480734
-0.0382517
-0.0284633
-0.0187014
-0.0090269
0.000504687
0.00990199
0.0192507
0.0286874
0.0383552
0.0483428
0.0586265
0.069048
0.07939
0.0894804
0.099247
0.108688
0.117825
0.126707
0.135425
0.144099
0.152805
0.161549
0.170281
0.178939
0.187474
0.195855
0.204104
0.212313
0.220609
0.229067
0.237656
0.24626
0.254755
0.263057
0.27111
0.278863
0.286258
0.293232
0.299711
0.305653
0.311101
0.316231
0.321307
0.326537
0.331981
0.337521
0.34294
0.347999
0.352549
0.356585
0.360257
0.363778
0.367287
0.370787
0.374173
0.377336
0.380208
0.382777
0.385106
0.38734
0.389682
0.392275
0.395097
0.397953
0.400566
0.402698
0.404213
0.405096
0.405433
0.405346
0.404939
0.404259
0.403298
0.40203
0.400407
0.398351
0.39579
0.392763
0.38948
0.386263
0.383367
0.380823
0.3784
0.375702
0.372348
0.368146
0.363192
0.357836
0.352496
0.34744
0.342684
0.338052
0.333321
0.328339
0.323058
0.317531
0.311883
0.306242
0.300656
0.295045
0.289234
0.283006
0.276168
0.2686
0.260306
0.251453
0.242316
0.233153
0.224102
0.215182
0.206358
0.197597
0.188853
0.180062
0.17116
0.162145
0.153073
0.14401
0.134977
0.125912
0.116677
0.107098
0.0970565
0.0865873
0.0758913
0.065231
0.0547934
0.0446367
0.0347507
0.0251193
0.0157316
0.00653576
-0.00256399
-0.0116782
-0.0209083
-0.0303495
-0.040092
-0.05017
-0.0605186
-0.0709857
-0.0813996
-0.0916221
-0.101566
-0.111179
-0.12044
-0.129337
-0.137847
-0.145917
-0.15353
-0.160786
-0.167939
-0.175318
-0.183207
-0.19174
-0.200868
-0.210354
-0.219824
-0.228891
-0.237305
-0.245058
-0.252351
-0.259477
-0.266685
-0.274079
-0.281594
-0.289014
-0.296087
-0.302684
-0.308872
-0.314851
-0.320757
-0.326531
-0.331947
-0.336774
-0.34094
-0.344602
-0.348097
-0.351807
-0.355994
-0.360674
-0.365626
-0.370508
-0.375008
-0.378925
-0.38216
-0.384695
-0.3866
-0.388033
-0.389199
-0.390288
-0.391415
-0.392609
-0.393817
-0.394914
-0.395733
-0.396144
-0.396111
-0.395707
-0.395074
-0.394361
-0.393708
-0.393215
-0.392898
-0.392663
-0.392321
-0.39166
-0.39049
-0.388631
-0.385904
-0.382194
-0.377548
-0.372218
-0.366601
-0.361102
-0.356023
-0.351509
-0.347546
-0.343984
-0.340569
-0.336991
-0.332938
-0.32814
-0.322453
-0.315928
-0.308808
-0.301414
-0.293972
-0.286524
-0.278978
-0.271251
-0.263353
-0.255397
-0.247535
-0.239901
-0.232564
-0.225486
-0.21853
-0.211527
-0.204357
-0.196966
-0.189315
-0.181337
-0.172944
-0.164067
-0.154677
-0.144778
-0.134414
-0.123706
-0.112855
-0.102094
-0.0916035
-0.0814486
-0.0715606
-0.0617563
-0.0518077
-0.0415581
-0.0310398
-0.0204735
-0.0101164
-7.35842e-05
0.00974652
0.0195131
0.0292908
0.0389708
0.0483482
0.0572701
0.0657336
0.0738971
0.0820075
0.0902836
0.0988429
0.107731
0.117009
0.126781
0.137108
0.147867
0.158735
0.169318
0.179329
0.188671
0.1974
0.205655
0.213605
0.221409
0.229173
0.236918
0.244591
0.252099
0.259354
0.266315
0.273055
0.27977
0.28668
0.293864
0.301149
0.308167
0.314558
0.320153
0.325039
0.329503
0.333909
0.338563
0.343616
0.34904
0.354674
0.36031
0.36572
0.370663
0.374901
0.378301
0.380916
0.382974
0.384786
0.386623
0.388649
0.390883
0.393188
0.395317
0.39704
0.398269
0.399089
0.399694
0.40026
0.400863
0.401459
0.40189
0.401945
0.401448
0.400339
0.39868
0.396589
0.394193
0.391625
0.389027
0.386521
0.384145
0.381815
0.379384
0.376694
0.373638
0.370178
0.366367
0.362324
0.358175
0.353958
0.349611
0.345017
0.340061
0.334638
0.328651
0.322066
0.314969
0.307603
0.300284
0.293281
0.286725
0.280545
0.274469
0.26808
0.260974
0.25294
0.244056
0.234621
0.225003
0.21548
0.206164
0.197011
0.187904
0.178778
0.169714
0.160895
0.152439
0.144231
0.135909
0.127048
0.117382
0.106948
0.096072
0.085234
0.0748654
0.0651611
0.0559999
0.0470388
0.0379135
0.0283985
0.0184507
0.00815758
-0.0023179
-0.012775
-0.0230187
-0.032909
-0.0423821
-0.0514219
-0.0600234
-0.0682203
-0.0761438
-0.0840334
-0.0921621
-0.100751
-0.109897
-0.11956
-0.129573
-0.139676
-0.149612
-0.159225
-0.1685
-0.177528
-0.186443
-0.195357
-0.204334
-0.213344
-0.222238
-0.230789
-0.238805
-0.246241
-0.253231
-0.260014
-0.266844
-0.273903
-0.281239
-0.28877
-0.296349
-0.303856
-0.311219
-0.318336
-0.324975
-0.330821
-0.335669
-0.339637
-0.343178
-0.346876
-0.351149
-0.356063
-0.361318
-0.366408
-0.370854
-0.374403
-0.377109
-0.379245
-0.381118
-0.382933
-0.384757
-0.386577
-0.388341
-0.38999
-0.391458
-0.392707
-0.393728
-0.394544
-0.395189
-0.395697
-0.396084
-0.396306
-0.396226
-0.395667
-0.394511
-0.392789
-0.390669
-0.388368
-0.386067
-0.383872
-0.381816
-0.379866
-0.377933
-0.375911
-0.373708
-0.371235
-0.368367
-0.364955
-0.360897
-0.356217
-0.351059
-0.34561
-0.340025
-0.334394
-0.328747
-0.323054
-0.317219
-0.311123
-0.304709
-0.298038
-0.291299
-0.284733
-0.278513
-0.272639
-0.266862
-0.260765
-0.253951
-0.246265
-0.237862
-0.229078
-0.220201
-0.211347
-0.202476
-0.193514
-0.184454
-0.175376
-0.166387
-0.157519
-0.148654
-0.139546
-0.129978
-0.119918
-0.109565
-0.0992069
-0.0890228
-0.0789985
-0.0690121
-0.0589737
-0.0489208
-0.0390004
-0.029392
-0.0201964
-0.0113568
-0.00266411
0.00612785
0.0151625
0.0244286
0.0338188
0.0432437
0.0526764
0.062147
0.0717177
0.0814571
0.0914069
0.101517
0.11163
0.121536
0.131066
0.140147
0.148817
0.157212
0.165557
0.174105
0.183028
0.192328
0.201851
0.211372
0.220694
0.22968
0.238254
0.246398
0.254141
0.261521
0.268528
0.275133
0.28136
0.287327
0.293204
0.299126
0.305145
0.31124
0.317343
0.323366
0.329226
0.334875
0.340293
0.345459
0.350329
0.35487
0.359113
0.363173
0.367201
0.371318
0.375587
0.379983
0.384363
0.388447
0.391877
0.394353
0.395747
0.396146
0.395824
0.395173
0.394599
0.394394
0.394626
0.395156
0.395761
0.396268
0.396598
0.396737
0.396699
0.396497
0.39614
0.395583
0.394717
0.393422
0.391651
0.38946
0.386984
0.384365
0.38169
0.378948
0.376008
0.372678
0.3688
0.364336
0.359363
0.354012
0.34842
0.342704
0.336963
0.33121
0.325341
0.319185
0.312613
0.305627
0.298352
0.29097
0.283637
0.276429
0.269319
0.262211
0.255009
0.24771
0.240396
0.233135
0.225876
0.218438
0.21059
0.202153
0.193075
0.183457
0.173548
0.16366
0.15403
0.144714
0.135608
0.126559
0.117474
0.108342
0.0991954
0.0900908
0.0810698
0.0721276
0.0631849
0.0541114
0.0447984
0.0352204
0.0254035
0.0153656
0.00506794
-0.00557088
-0.0166303
-0.0281134
-0.0398594
-0.0514883
-0.0624786
-0.0723905
-0.0811212
-0.0889852
-0.0965689
-0.104454
-0.112991
-0.122201
-0.131842
-0.141562
-0.151074
-0.160261
-0.169159
-0.177849
-0.186394
-0.194834
-0.203242
-0.211695
-0.220213
-0.228709
-0.237037
-0.245095
-0.252876
-0.260466
-0.267998
-0.275605
-0.283363
-0.291256
-0.299179
-0.306986
-0.314513
-0.321556
-0.327848
-0.333118
-0.337264
-0.340496
-0.343324
-0.346361
-0.350075
-0.354609
-0.359755
-0.36506
-0.370037
-0.374378
-0.378043
-0.381183
-0.383964
-0.38643
-0.388523
-0.390194
-0.391492
-0.392565
-0.393596
-0.394697
-0.395847
-0.396893
-0.397617
-0.397864
-0.397643
-0.397101
-0.396419
-0.395719
-0.395014
-0.394237
-0.393268
-0.391983
-0.390312
-0.388295
-0.386085
-0.383855
-0.381696
-0.379573
-0.377337
-0.374777
-0.37166
-0.367803
-0.363155
-0.357828
-0.352055
-0.346065
-0.340006
-0.333948
-0.327922
-0.321944
-0.316004
-0.310073
-0.3041
-0.298022
-0.291761
-0.285235
-0.278401
-0.27127
-0.263893
-0.256314
-0.248585
-0.240789
-0.233045
-0.225443
-0.217971
-0.210501
-0.202845
-0.194817
-0.186269
-0.177129
-0.167445
-0.157398
-0.14723
-0.137139
-0.127232
-0.117559
-0.108169
-0.0990974
-0.0903153
-0.0816853
-0.0729768
-0.0639108
-0.0542343
-0.043821
-0.0327714
-0.0214347
-0.0102874
0.000263763
0.0100508
0.0191717
0.0279295
0.0366982
0.0457837
0.0553045
0.0651746
0.0751862
0.0851569
0.0949997
0.104703
0.11427
0.123698
0.132996
0.142178
0.151247
0.160191
0.169026
0.177822
0.186659
0.195559
0.20446
0.213244
0.221787
0.22999
0.237818
0.245346
0.252745
0.260198
0.267771
0.275362
0.282755
0.289727
0.296148
0.302031
0.307538
0.312917
0.318379
0.323981
0.3296
0.335028
0.340094
0.344716
0.348903
0.352724
0.356301
0.359762
0.363188
0.366593
0.36997
0.373339
0.37675
0.380223
0.383707
0.387091
0.390242
0.393034
0.395367
0.397194
0.398533
0.39942
0.399869
0.399886
0.399538
0.399
0.398474
0.398064
0.397708
0.39723
0.39645
0.395271
0.393699
0.391797
0.389623
0.387161
0.384329
0.381047
0.377331
0.373289
0.369034
0.364598
0.359937
0.355024
0.349903
0.344693
0.339527
0.334505
0.329646
0.324855
0.319957
0.314786
0.309284
0.303517
0.297595
0.291601
0.285564
0.279494
0.27335
0.267008
0.260225
0.252702
0.244196
0.234636
0.224219
0.213416
0.202852
0.193054
0.184231
0.1762
0.168543
0.160825
0.152749
0.144203
0.135237
0.126044
0.116893
0.108008
0.0994737
0.0911874
0.0829207
0.0743985
0.0653857
0.0557511
0.0455044
0.0347683
0.0237214
0.0125299
0.00133235
-0.00976906
-0.0207252
-0.0315547
-0.0422871
-0.0528627
-0.0630993
-0.0727833
-0.0818339
-0.0903776
-0.0986759
-0.106976
-0.115412
-0.124005
-0.132715
-0.141524
-0.150474
-0.159642
-0.169046
-0.178542
-0.187834
-0.196618
-0.204767
-0.212399
-0.219777
-0.227159
-0.234684
-0.242375
-0.250193
-0.258119
-0.266191
-0.274492
-0.283041
-0.291691
-0.300115
-0.307919
-0.314812
-0.320704
-0.325699
-0.330045
-0.334074
-0.338137
-0.342498
-0.347233
-0.352199
-0.357104
-0.361631
-0.365537
-0.368717
-0.371241
-0.373336
-0.375317
-0.377475
-0.379983
-0.382873
-0.386046
-0.389291
-0.392312
-0.394809
-0.396577
-0.397573
-0.397911
-0.397811
-0.397543
-0.397363
-0.397438
-0.397769
-0.398174
-0.398359
-0.398038
-0.397006
-0.395191
-0.392657
-0.389616
-0.386372
-0.383214
-0.380291
-0.377556
-0.374805
-0.371791
-0.368332
-0.364408
-0.360165
-0.355839
-0.351592
-0.34742
-0.34317
-0.338671
-0.333838
-0.328688
-0.323258
-0.317554
-0.311524
-0.305073
-0.298074
-0.290423
-0.282126
-0.273369
-0.264486
-0.255834
-0.247653
-0.239984
-0.232654
-0.225318
-0.217591
-0.209211
-0.200174
-0.190746
-0.181315
-0.172201
-0.163536
-0.155252
