10.000000
20.000000
30.000000
0.400000
50.000000
0.600000
70.000000
0.800000
0.900000
1.000000
110.000000
1.200000
130.000000
1.400000
1.500000
1.600000
170.000000
1.800000
190.000000
2.000000
2.100000
2.200000
230.000000
2.400000
2.500000
2.600000
2.700000
2.800000
290.000000
3.000000
310.000000
3.200000
3.300000
3.400000
3.500000
3.600000
370.000000
3.800000
3.900000
4.000000
410.000000
4.200000
430.000000
4.400000
4.500000
4.600000
470.000000
4.800000
4.900000
5.000000
5.100000
5.200000
530.000000
5.400000
5.500000
5.600000
5.700000
5.800000
590.000000
6.000000
610.000000
6.200000
6.300000
6.400000
6.500000
6.600000
670.000000
6.800000
6.900000
7.000000
710.000000
7.200000
730.000000
7.400000
7.500000
7.600000
7.700000
7.800000
790.000000
8.000000
8.100000
8.200000
830.000000
8.400000
8.500000
8.600000
8.700000
8.800000
890.000000
9.000000
9.100000
9.200000
9.300000
9.400000
9.500000
9.600000
970.000000
9.800000
9.900000
10.000000
